(94) : 0 1 2 3 4 5 6 7 8 9 10 11 12 13 14 15 16 17 18 19 20 21 22 23 24 25 26 27 28 29 30 31 32 33 34 35 36 37 38 39 40 41 42 43 44 45 46 47 48 49 50 51 52 53 54 55 56 57 58 59 60 61 62 63 64 65 66 67 68 69 70 71 72 73 74 75 76 77 78 79 80 81 82 83 84 85 86 87 88 89 90 91 92 93 
(57) :	0 --> 0 1 2 3 4 5 7 9 10 11 13 14 15 16 17 18 19 20 22 23 24 25 26 28 30 31 33 34 35 37 39 41 42 44 46 47 50 51 52 54 55 56 57 58 59 60 61 62 63 64 65 66 68 70 73 81 89 
(39) :	0 --> 0 1 2 3 4 5 7 10 11 14 15 16 17 18 19 20 23 24 25 26 30 31 33 34 37 39 42 46 47 50 52 55 56 57 59 63 65 66 68 
(29) :	0 --> 0 1 3 4 5 7 10 11 14 15 16 17 18 20 23 24 25 26 30 31 33 47 52 55 56 57 63 66 68 
(26) :	1 --> 2 4 6 8 9 11 12 16 19 21 22 24 27 29 30 32 40 41 42 44 45 46 48 54 56 69 
(22) :	1 --> 0 1 2 3 6 9 10 11 13 16 17 18 21 28 31 32 36 43 45 48 58 71 
(20) :	1 --> 1 8 9 10 11 12 13 16 19 20 21 22 29 32 36 38 42 48 49 60 
(15) :	0 --> 0 1 2 4 5 13 15 17 19 24 25 28 34 51 64 
(13) :	0 --> 0 1 3 7 14 15 17 18 19 20 31 33 37 
(10) :	0 --> 0 3 7 10 15 17 18 23 52 55 
(9) :	0 --> 0 3 5 7 10 18 25 26 56 
(9) :	1 --> 2 4 8 12 19 29 30 41 46 
(9) :	1 --> 1 2 3 6 9 17 43 45 58 
(9) :	0 --> 0 3 11 15 20 34 35 61 62 
(7) :	0 --> 0 7 14 24 26 50 65 
(6) :	1 --> 6 8 30 32 41 57 
(5) :	1 --> 6 10 36 45 58 
(5) :	0 --> 11 19 25 35 62 
(5) :	0 --> 1 17 24 26 65 
(5) :	0 --> 3 15 31 47 57 
(3) :	0 --> 0 11 52 
(3) :	1 --> 8 16 48 
(2) :	0 --> 4 5 
(2) :	1 --> 2 4 
(2) :	1 --> 1 2 
(2) :	0 --> 15 20 
(1) :	0 --> 0 
Finally, after 26 steps, we arrived at 0.

**********************************

Length of SS: 26
Traced:	00011100001100110000101100
Real:	00011100001100110000101100
Equal? 1
